place(1.373,1.000,33.051,"Assassin",300)
place(-3.846,1.000,39.817,"Assassin",300)
upgrade(-3.846,2.350,39.817,1,450)
upgrade(1.373,2.350,33.051,1,450)
upgrade(-3.846,2.350,39.817,1,625)
upgrade(1.373,2.350,33.051,1,625)
upgrade(-3.846,2.350,39.817,1,2000)
upgrade(1.373,2.350,33.051,1,2000)
place(17.081,1.000,18.326,"Crook Boss",2250)
upgrade(17.081,2.350,18.326,1,1500)
upgrade(17.081,2.350,18.326,1,2750)
place(14.533,1.000,19.982,"Crook Boss",2250)
upgrade(14.533,2.350,19.982,1,1500)
upgrade(14.533,2.350,19.982,1,2750)
place(16.782,1.000,15.233,"Crook Boss",2250)
upgrade(16.782,2.350,15.233,1,1500)
upgrade(16.782,2.350,15.233,1,2750)
upgrade(17.081,2.350,18.326,1,14000)
place(-15.739,1.000,3.797,"Crook Boss",2250)
upgrade(-15.739,2.350,3.797,1,1500)
upgrade(-15.739,2.350,3.797,1,2750)
place(-2.577,1.000,31.713,"Pyromancer",900)
upgrade(-2.577,2.350,31.713,1,325)
upgrade(-2.577,2.350,31.713,1,1000)
upgrade(-2.577,2.350,31.713,1,2000)
upgrade(-2.577,2.350,31.713,1,3777)
upgrade(-3.846,2.350,39.817,1,6800)
upgrade(1.373,2.350,33.051,1,6800)
upgrade(14.533,2.350,19.982,1,14000)
upgrade(-2.577,2.350,31.713,1,11111)
upgrade(16.782,2.350,15.233,1,14000)
place(17.628,1.000,21.495,"Crook Boss",2250)
upgrade(17.628,2.350,21.495,1,1500)
upgrade(17.628,2.350,21.495,1,2750)
upgrade(17.628,2.350,21.495,1,14000)
place(20.178,1.000,18.726,"Crook Boss",2250)
place(-0.818,1.000,39.944,"Shotgunner",1500)
upgrade(-0.818,2.350,39.944,1,750)
upgrade(-0.818,2.350,39.944,1,1500)
upgrade(-0.818,2.350,39.944,1,6500)
place(1.798,1.000,39.568,"Shotgunner",1500)
upgrade(1.798,2.350,39.568,1,750)
upgrade(1.798,2.350,39.568,1,1500)
upgrade(1.798,2.350,39.568,1,6500)
place(4.464,1.000,39.344,"Shotgunner",1500)
upgrade(4.464,2.350,39.344,1,750)
upgrade(4.464,2.350,39.344,1,1500)
upgrade(4.464,2.350,39.344,1,6500)
