place(-18.144,1.000,-2.034,"Soldier",400)
upgrade(-18.144,2.350,-2.034,1,100)
place(-18.144,1.000,-5.161,"Soldier",400)
upgrade(-18.144,2.350,-5.161,1,100)
place(-18.112,1.000,-8.161,"Soldier",400)
upgrade(-18.112,2.350,-8.161,1,100)
upgrade(-18.144,2.350,-2.034,1,700)
upgrade(-18.144,2.350,-5.161,1,700)
upgrade(-18.112,2.350,-8.161,1,700)
place(-7.776,1.000,-2.760,"Shotgunner",1500)
upgrade(-7.776,2.350,-2.760,1,750)
upgrade(-7.776,2.350,-2.760,1,1550)
place(-9.957,1.000,-2.765,"Shotgunner",1500)
upgrade(-9.957,2.350,-2.765,1,750)
upgrade(-9.957,2.350,-2.765,1,1500)
place(-12.049,1.000,-3.059,"Shotgunner",1500)
upgrade(-12.049,2.350,-3.059,1,750)
upgrade(-12.049,2.350,-3.059,1,1500)
place(-12.605,1.000,-1.071,"Shotgunner",1500)
upgrade(-12.605,2.350,-1.071,1,750)
upgrade(-12.605,2.350,-1.071,1,1500)
place(-10.379,1.000,-0.691,"Shotgunner",1500)
upgrade(-10.379,2.350,-0.691,1,750)
upgrade(-10.379,2.350,-0.691,1,1500)
place(-8.199,1.000,-0.662,"Shotgunner",1500)
upgrade(-8.199,2.350,-0.662,1,750)
upgrade(-8.199,2.350,-0.662,1,1500)
place(-12.550,1.000,1.033,"Shotgunner",1500)
upgrade(-12.550,2.350,1.033,1,750)
upgrade(-12.550,2.350,1.033,1,1500)
place(-10.419,1.000,1.418,"Shotgunner",1500)
upgrade(-10.419,2.350,1.418,1,750)
upgrade(-10.419,2.350,1.418,1,1500)
place(-7.926,1.000,1.352,"Shotgunner",1500)
upgrade(-7.926,2.350,1.352,1,750)
upgrade(-7.926,2.350,1.352,1,1500)
upgrade(-7.926,2.350,1.352,1,6500)
upgrade(-12.049,2.350,-3.059,1,6500)
upgrade(-12.605,2.350,-1.071,1,6500)
upgrade(-9.957,2.350,-2.765,1,6500)
upgrade(-7.776,2.350,-2.760,1,6500)
upgrade(-12.550,2.350,1.033,1,6500)
upgrade(-10.379,2.350,-0.691,1,6500)
upgrade(-8.199,2.350,-0.662,1,6500)
upgrade(-10.419,2.350,1.418,1,6500)
upgrade(-18.144,2.350,-2.034,1,1850)
upgrade(-18.144,2.350,-2.034,1,6000)
upgrade(-18.144,2.350,-5.161,1,1850)
upgrade(-18.144,2.350,-5.161,1,6000)
upgrade(-18.112,2.350,-8.161,1,1850)
upgrade(-18.112,2.350,-8.161,1,6000)
place(-4.772,1.000,-3.072,"Soldier",400)
upgrade(-4.772,2.350,-3.072,1,100)
upgrade(-4.772,2.350,-3.072,1,700)
upgrade(-4.772,2.350,-3.072,1,1850)
upgrade(-4.772,2.350,-3.072,1,6000)
place(-1.464,1.000,-3.019,"Soldier",400)
upgrade(-1.464,2.350,-3.019,1,100)
upgrade(-1.464,2.350,-3.019,1,700)
upgrade(-1.464,2.350,-3.019,1,1850)
upgrade(-1.464,2.350,-3.019,1,6000)
place(-12.284,1.000,3.750,"Soldier",400)
upgrade(-12.284,2.350,3.750,1,100)
upgrade(-12.284,2.350,3.750,1,700)
upgrade(-12.284,2.350,3.750,1,1850)
upgrade(-12.284,2.350,3.750,1,6000)
