place(-0.034,1.020,-29.596,"Soldier",400)
upgrade(-0.034,2.370,-29.596,1,100)
upgrade(-0.034,2.370,-29.596,1,700)
upgrade(-0.034,2.370,-29.596,1,1850)
place(-5.085,1.000,-29.844,"Soldier",400)
upgrade(-5.085,2.350,-29.844,1,100)
upgrade(-5.085,2.350,-29.844,1,700)
upgrade(-5.085,2.350,-29.844,1,1850)
place(-5.077,1.000,-26.832,"Soldier",400)
upgrade(-5.077,2.350,-26.832,1,100)
upgrade(-5.077,2.350,-26.832,1,700)
upgrade(-5.077,2.350,-26.832,1,1850)
place(0.698,1.000,-26.427,"Soldier",400)
upgrade(0.698,2.350,-26.427,1,100)
upgrade(0.698,2.350,-26.427,1,700)
upgrade(0.698,2.350,-26.427,1,1850)
place(0.466,1.020,-23.306,"Soldier",400)
upgrade(0.466,2.370,-23.306,1,100)
upgrade(0.466,2.370,-23.306,1,700)
upgrade(0.466,2.370,-23.306,1,1850)
place(-5.145,1.000,-23.544,"Soldier",400)
upgrade(-5.145,2.350,-23.544,1,100)
upgrade(-5.145,2.350,-23.544,1,700)
upgrade(-5.145,2.350,-23.544,1,1850)
place(3.303,1.000,-24.574,"Soldier",400)
upgrade(3.303,2.350,-24.574,1,100)
upgrade(3.303,2.350,-24.574,1,700)
upgrade(3.303,2.350,-24.574,1,1850)
place(3.101,1.000,-28.558,"Soldier",400)
upgrade(3.101,2.350,-28.558,1,100)
upgrade(3.101,2.350,-28.558,1,700)
upgrade(3.101,2.350,-28.558,1,1850)
place(-7.846,1.000,-28.244,"Soldier",400)
upgrade(-7.846,2.350,-28.244,1,100)
upgrade(-7.846,2.350,-28.244,1,700)
upgrade(-7.846,2.350,-28.244,1,1850)
place(-7.820,1.000,-25.082,"Soldier",400)
upgrade(-7.820,2.350,-25.082,1,100)
upgrade(-7.820,2.350,-25.082,1,700)
upgrade(-7.820,2.350,-25.082,1,1850)
place(-7.940,1.000,-22.001,"Soldier",400)
upgrade(-7.940,2.350,-22.001,1,100)
upgrade(-7.940,2.350,-22.001,1,700)
upgrade(-7.940,2.350,-22.001,1,1850)
place(-5.019,1.000,-20.385,"Soldier",400)
upgrade(-5.019,2.350,-20.385,1,100)
upgrade(-5.019,2.350,-20.385,1,700)
upgrade(-5.019,2.350,-20.385,1,1850)
place(3.375,1.000,-21.442,"Soldier",400)
upgrade(3.375,2.350,-21.442,1,100)
upgrade(3.375,2.350,-21.442,1,700)
upgrade(3.375,2.350,-21.442,1,1850)
place(0.261,1.020,-19.580,"Soldier",400)
upgrade(0.261,2.370,-19.580,1,100)
upgrade(0.261,2.370,-19.580,1,700)
upgrade(0.261,2.370,-19.580,1,1850)
place(3.154,1.000,-18.288,"Soldier",400)
upgrade(3.154,2.350,-18.288,1,100)
upgrade(3.154,2.350,-18.288,1,700)
upgrade(3.154,2.350,-18.288,1,1850)
place(-7.720,1.000,-18.845,"Soldier",400)
upgrade(-7.720,2.350,-18.845,1,100)
upgrade(-7.720,2.350,-18.845,1,700)
upgrade(-7.720,2.350,-18.845,1,1850)
place(-5.199,1.000,-17.097,"Soldier",400)
upgrade(-5.199,2.350,-17.097,1,100)
upgrade(-5.199,2.350,-17.097,1,700)
upgrade(-5.199,2.350,-17.097,1,1850)
place(0.846,1.000,-15.894,"Soldier",400)
upgrade(0.846,2.350,-15.894,1,100)
upgrade(0.846,2.350,-15.894,1,700)
upgrade(0.846,2.350,-15.894,1,1850)
place(3.945,1.000,-15.261,"Soldier",400)
upgrade(3.945,2.350,-15.261,1,100)
upgrade(3.945,2.350,-15.261,1,700)
upgrade(3.945,2.350,-15.261,1,1850)
