place(-4.635,1.001,-35.584,"Pyromancer",900)
upgrade(-4.635,2.351,-35.584,1,325)
upgrade(-4.635,2.351,-35.584,1,1000)
upgrade(-4.635,2.351,-35.584,1,2000)
upgrade(-4.635,2.351,-35.584,1,3777)
place(-6.409,0.701,-22.152,"Hunter",1625)
upgrade(-6.409,2.051,-22.152,1,725)
place(-3.948,0.458,-19.591,"Hunter",1625)
upgrade(-3.948,1.808,-19.591,1,725)
place(-2.283,0.666,-22.447,"Hunter",1625)
upgrade(-2.283,2.016,-22.447,1,725)
upgrade(-2.283,2.016,-22.447,1,2850)
place(-0.834,0.569,-19.784,"Hunter",1625)
upgrade(-0.834,1.919,-19.784,1,725)
upgrade(-2.092,1.674,-16.887,1,2850)
place(-2.092,0.324,-16.887,"Hunter",1625)
upgrade(-2.092,1.674,-16.887,1,725)
upgrade(-2.092,1.674,-16.887,1,2850)
